centoides final : [162, 13, 139, 138, 137, 54, 181, 76, 21, 52, 150, 56, 134, 1, 155]
centoides final : [45, 122, 139, 117, 153, 54, 172, 81, 21, 133, 100, 143, 134, 1, 155]
centoides final : [45, 122, 139, 117, 153, 54, 172, 81, 21, 133, 100, 143, 134, 1, 36]
centoides final : [45, 122, 139, 117, 153, 54, 172, 81, 21, 133, 92, 143, 134, 1, 155]
centoides final : [45, 122, 139, 138, 42, 54, 172, 81, 21, 52, 92, 143, 134, 1, 155]
centoides final : [111, 13, 139, 117, 137, 54, 181, 81, 21, 52, 92, 56, 134, 1, 155]
centoides final : [45, 122, 139, 117, 153, 54, 172, 81, 21, 133, 100, 56, 160, 1, 36]
centoides final : [45, 122, 139, 138, 17, 98, 181, 81, 21, 133, 92, 143, 134, 1, 155]
centoides final : [111, 122, 139, 138, 153, 54, 172, 81, 21, 133, 92, 143, 134, 1, 36]
centoides final : [45, 122, 139, 117, 42, 54, 172, 81, 21, 52, 93, 143, 134, 1, 155]
centoides final : [45, 122, 139, 138, 62, 54, 172, 81, 21, 133, 100, 143, 134, 1, 155]
centoides final : [162, 13, 139, 138, 137, 54, 181, 81, 21, 133, 100, 56, 134, 1, 155]
centoides final : [45, 122, 139, 117, 178, 54, 172, 81, 21, 133, 92, 143, 134, 1, 36]
centoides final : [45, 122, 139, 117, 153, 54, 172, 71, 21, 52, 92, 143, 134, 1, 155]
centoides final : [45, 122, 139, 138, 153, 54, 172, 81, 21, 133, 92, 143, 134, 1, 36]
centoides final : [45, 122, 139, 117, 178, 54, 172, 81, 21, 133, 100, 143, 134, 1, 36]
centoides final : [45, 122, 139, 117, 153, 54, 172, 81, 21, 133, 92, 143, 134, 1, 36]
centoides final : [23, 122, 139, 117, 153, 54, 172, 81, 21, 52, 100, 56, 134, 1, 155]
centoides final : [45, 122, 139, 138, 153, 54, 172, 81, 21, 52, 92, 143, 160, 1, 36]
centoides final : [45, 122, 139, 117, 178, 54, 172, 81, 21, 52, 92, 143, 134, 1, 155]
centoides final : [45, 122, 139, 117, 153, 54, 172, 71, 21, 133, 92, 56, 134, 1, 108]
centoides final : [45, 122, 139, 117, 17, 54, 172, 81, 21, 133, 100, 143, 134, 1, 155]
centoides final : [23, 122, 139, 117, 17, 54, 172, 81, 21, 52, 92, 143, 78, 1, 155]
centoides final : [45, 122, 139, 117, 153, 54, 172, 81, 21, 133, 93, 143, 160, 1, 36]
centoides final : [45, 122, 139, 138, 153, 54, 172, 81, 21, 133, 92, 143, 134, 1, 36]
centoides final : [45, 122, 139, 138, 42, 54, 172, 81, 21, 133, 100, 56, 160, 1, 36]
centoides final : [45, 122, 139, 117, 17, 54, 172, 81, 21, 52, 100, 143, 134, 1, 155]
centoides final : [45, 122, 139, 117, 153, 54, 172, 81, 21, 133, 92, 143, 134, 1, 36]
centoides final : [45, 122, 139, 138, 153, 54, 172, 81, 21, 133, 93, 143, 78, 1, 36]
centoides final : [45, 122, 139, 117, 17, 54, 172, 81, 21, 133, 92, 143, 134, 1, 155]
centoides final : [45, 122, 139, 138, 17, 94, 172, 81, 21, 133, 100, 143, 134, 1, 155]
centoides final : [111, 122, 139, 117, 137, 54, 172, 81, 21, 52, 92, 143, 134, 1, 155]
centoides final : [45, 122, 139, 117, 153, 54, 172, 81, 21, 133, 100, 143, 134, 1, 36]
centoides final : [162, 13, 139, 138, 137, 54, 28, 81, 21, 133, 100, 143, 134, 1, 36]
centoides final : [45, 122, 139, 117, 153, 54, 172, 81, 21, 133, 100, 143, 134, 1, 155]
centoides final : [45, 122, 139, 117, 106, 54, 172, 81, 21, 133, 100, 56, 160, 1, 155]
centoides final : [45, 122, 139, 117, 153, 54, 172, 81, 21, 133, 92, 56, 134, 1, 155]
centoides final : [45, 122, 139, 117, 106, 54, 172, 81, 21, 133, 100, 56, 134, 1, 155]
centoides final : [45, 122, 139, 117, 153, 54, 172, 81, 21, 133, 93, 143, 134, 1, 36]
centoides final : [45, 122, 139, 138, 153, 54, 172, 71, 21, 133, 92, 56, 134, 1, 36]
centoides final : [45, 122, 139, 138, 153, 54, 172, 71, 21, 133, 100, 143, 134, 1, 36]
centoides final : [45, 122, 139, 117, 153, 54, 172, 81, 21, 133, 92, 56, 134, 1, 155]
centoides final : [23, 122, 139, 117, 17, 54, 172, 81, 21, 52, 92, 143, 134, 1, 155]
centoides final : [45, 122, 139, 117, 153, 54, 172, 81, 21, 52, 100, 56, 160, 1, 155]
centoides final : [145, 122, 139, 138, 42, 54, 172, 81, 21, 133, 92, 56, 134, 1, 36]
centoides final : [45, 13, 139, 117, 137, 54, 172, 81, 21, 52, 150, 143, 134, 1, 155]
centoides final : [162, 122, 139, 138, 17, 98, 172, 81, 21, 133, 92, 56, 134, 1, 155]
centoides final : [45, 122, 139, 117, 17, 94, 172, 81, 21, 133, 92, 56, 134, 1, 155]
centoides final : [23, 122, 139, 117, 153, 54, 172, 81, 21, 133, 100, 143, 134, 1, 155]
centoides final : [45, 122, 139, 117, 153, 54, 172, 81, 21, 133, 100, 56, 134, 1, 36]
centoides final : [45, 13, 139, 117, 137, 54, 172, 76, 21, 52, 150, 56, 134, 1, 155]
centoides final : [23, 122, 139, 117, 153, 54, 172, 71, 21, 133, 92, 143, 160, 1, 155]
centoides final : [45, 122, 139, 117, 153, 54, 172, 81, 21, 133, 92, 143, 134, 1, 36]
centoides final : [45, 122, 139, 117, 178, 54, 172, 81, 21, 133, 100, 143, 134, 1, 36]
centoides final : [23, 122, 139, 117, 106, 54, 172, 81, 21, 52, 92, 143, 134, 1, 155]
centoides final : [23, 122, 139, 117, 106, 54, 172, 81, 21, 133, 92, 143, 134, 1, 155]
centoides final : [45, 122, 139, 117, 17, 54, 172, 81, 21, 52, 92, 143, 134, 1, 155]
centoides final : [45, 122, 139, 117, 178, 54, 172, 81, 21, 133, 92, 143, 134, 1, 36]
centoides final : [45, 122, 139, 117, 153, 54, 172, 81, 21, 133, 92, 143, 134, 1, 36]
centoides final : [45, 122, 139, 138, 17, 54, 172, 81, 21, 133, 92, 56, 134, 1, 155]
centoides final : [45, 122, 139, 117, 153, 54, 172, 81, 21, 133, 92, 56, 134, 1, 155]
centoides final : [45, 122, 139, 138, 42, 54, 172, 81, 21, 133, 100, 143, 134, 1, 155]
centoides final : [45, 122, 139, 117, 153, 54, 172, 81, 21, 133, 100, 143, 134, 1, 155]
centoides final : [45, 122, 139, 117, 17, 116, 172, 81, 21, 133, 100, 143, 134, 1, 155]
centoides final : [45, 122, 139, 117, 17, 54, 172, 71, 21, 52, 92, 143, 78, 1, 155]
centoides final : [45, 122, 139, 117, 17, 54, 172, 81, 21, 133, 92, 143, 134, 1, 155]
centoides final : [45, 122, 139, 117, 153, 54, 172, 81, 21, 133, 100, 56, 134, 1, 155]
centoides final : [45, 122, 139, 138, 153, 54, 172, 71, 21, 133, 100, 143, 78, 1, 36]
centoides final : [45, 122, 139, 138, 153, 54, 172, 81, 21, 133, 100, 143, 134, 1, 155]
centoides final : [23, 122, 139, 117, 153, 54, 172, 71, 21, 133, 100, 143, 134, 1, 155]
centoides final : [45, 122, 139, 117, 153, 54, 172, 81, 21, 133, 92, 56, 134, 1, 36]
centoides final : [23, 122, 139, 117, 153, 54, 172, 81, 21, 133, 100, 56, 134, 1, 155]
centoides final : [45, 122, 139, 117, 106, 54, 172, 81, 21, 133, 100, 56, 160, 1, 36]
centoides final : [111, 122, 139, 117, 153, 54, 172, 81, 21, 133, 92, 143, 134, 1, 36]
centoides final : [23, 122, 139, 117, 153, 54, 172, 71, 21, 52, 100, 143, 134, 1, 155]
centoides final : [45, 122, 139, 117, 153, 54, 172, 81, 21, 133, 92, 143, 134, 1, 36]
centoides final : [45, 122, 139, 117, 153, 54, 172, 81, 21, 133, 92, 143, 134, 1, 36]
centoides final : [45, 122, 139, 117, 153, 54, 172, 81, 21, 133, 93, 143, 134, 1, 36]
centoides final : [162, 122, 139, 117, 178, 54, 172, 71, 21, 133, 100, 56, 134, 1, 36]
centoides final : [45, 122, 139, 117, 153, 54, 172, 81, 21, 133, 92, 143, 134, 1, 36]
centoides final : [45, 122, 139, 117, 153, 54, 172, 81, 21, 133, 92, 143, 134, 1, 36]
centoides final : [45, 122, 139, 117, 178, 54, 172, 81, 21, 133, 100, 56, 134, 1, 36]
centoides final : [45, 122, 139, 138, 137, 54, 172, 81, 21, 133, 92, 56, 134, 1, 155]
centoides final : [45, 122, 139, 138, 178, 54, 181, 81, 21, 133, 100, 56, 134, 1, 36]
centoides final : [45, 122, 139, 117, 153, 94, 172, 81, 21, 133, 92, 143, 134, 1, 36]
centoides final : [45, 122, 139, 117, 153, 54, 172, 81, 21, 133, 100, 143, 134, 1, 36]
centoides final : [162, 177, 139, 117, 153, 54, 172, 71, 21, 133, 92, 56, 134, 1, 155]
centoides final : [45, 13, 139, 117, 169, 54, 172, 76, 21, 52, 150, 56, 134, 1, 155]
centoides final : [45, 122, 139, 117, 178, 54, 172, 81, 21, 133, 100, 143, 134, 1, 155]
centoides final : [45, 122, 139, 117, 17, 54, 172, 81, 21, 133, 92, 143, 134, 1, 155]
centoides final : [23, 122, 139, 117, 153, 94, 172, 71, 21, 52, 92, 143, 134, 1, 155]
centoides final : [45, 122, 139, 117, 153, 54, 172, 81, 21, 133, 92, 56, 134, 1, 155]
centoides final : [45, 122, 139, 117, 106, 54, 172, 71, 21, 133, 92, 143, 134, 1, 155]
centoides final : [45, 122, 139, 117, 153, 54, 172, 71, 21, 133, 92, 143, 134, 1, 155]
centoides final : [45, 122, 139, 138, 42, 54, 172, 71, 21, 52, 92, 143, 134, 1, 155]
centoides final : [45, 122, 139, 117, 153, 54, 172, 81, 21, 133, 93, 143, 134, 1, 36]
centoides final : [23, 122, 139, 117, 153, 54, 172, 81, 21, 133, 100, 143, 134, 1, 155]
centoides final : [23, 122, 139, 117, 153, 54, 172, 71, 21, 52, 100, 143, 134, 1, 155]
centoides final : [45, 122, 139, 117, 153, 54, 172, 81, 21, 52, 93, 143, 134, 1, 36]
centoides final : [23, 122, 139, 138, 17, 54, 172, 71, 21, 133, 92, 143, 134, 1, 155]
centoides final : [111, 122, 139, 117, 153, 54, 172, 81, 21, 133, 93, 143, 134, 1, 36]
centoides final : [45, 122, 139, 138, 137, 54, 172, 81, 21, 52, 100, 56, 134, 1, 155]
centoides final : [23, 122, 139, 117, 153, 54, 172, 81, 21, 133, 100, 143, 134, 1, 155]
centoides final : [45, 122, 139, 117, 106, 54, 172, 71, 21, 133, 100, 143, 134, 1, 155]
centoides final : [45, 122, 139, 117, 178, 54, 172, 81, 21, 133, 100, 143, 134, 1, 36]
centoides final : [45, 122, 139, 138, 17, 94, 172, 81, 21, 133, 100, 143, 134, 1, 36]
centoides final : [23, 122, 139, 117, 153, 54, 172, 81, 21, 133, 92, 56, 134, 1, 155]
centoides final : [45, 122, 139, 117, 153, 54, 172, 81, 21, 133, 100, 56, 134, 1, 155]
centoides final : [111, 122, 139, 117, 137, 54, 172, 81, 21, 52, 92, 143, 134, 1, 155]
centoides final : [45, 122, 139, 117, 17, 54, 172, 81, 21, 133, 92, 56, 134, 1, 155]
centoides final : [45, 122, 139, 117, 153, 54, 172, 81, 21, 133, 100, 143, 134, 1, 155]
centoides final : [45, 122, 139, 117, 153, 94, 172, 81, 21, 133, 100, 143, 134, 1, 36]
centoides final : [23, 122, 139, 138, 153, 54, 172, 81, 21, 52, 100, 56, 78, 1, 155]
centoides final : [111, 13, 139, 117, 137, 54, 172, 81, 21, 133, 100, 56, 134, 1, 36]
centoides final : [45, 122, 139, 138, 153, 54, 172, 81, 21, 52, 92, 143, 160, 1, 36]
centoides final : [45, 122, 139, 138, 42, 54, 172, 81, 21, 52, 92, 56, 134, 1, 155]
centoides final : [23, 122, 139, 117, 153, 54, 172, 71, 21, 52, 100, 56, 134, 1, 155]
centoides final : [111, 122, 139, 117, 153, 54, 172, 81, 21, 133, 100, 143, 134, 1, 36]
centoides final : [45, 122, 139, 138, 137, 54, 172, 81, 21, 133, 100, 56, 134, 1, 155]
centoides final : [162, 13, 139, 138, 137, 54, 181, 71, 21, 52, 100, 56, 134, 1, 36]
centoides final : [45, 122, 139, 117, 153, 54, 172, 81, 21, 52, 100, 143, 160, 1, 155]
centoides final : [45, 122, 139, 117, 153, 54, 172, 81, 21, 133, 92, 143, 134, 1, 155]
centoides final : [23, 122, 139, 117, 42, 54, 172, 81, 21, 52, 100, 143, 134, 1, 155]
centoides final : [45, 122, 139, 138, 153, 54, 172, 81, 21, 133, 92, 56, 160, 1, 36]
centoides final : [45, 122, 139, 117, 153, 54, 172, 81, 21, 133, 100, 56, 134, 1, 36]
centoides final : [111, 122, 139, 117, 153, 54, 172, 71, 21, 52, 92, 56, 134, 1, 155]
centoides final : [23, 122, 139, 117, 42, 54, 172, 81, 21, 133, 92, 56, 134, 1, 155]
centoides final : [45, 122, 139, 138, 137, 54, 172, 71, 21, 52, 100, 143, 134, 1, 36]
centoides final : [45, 122, 139, 117, 153, 54, 172, 81, 21, 133, 92, 143, 134, 1, 36]
centoides final : [45, 122, 139, 117, 153, 54, 172, 71, 21, 133, 93, 143, 134, 1, 36]
centoides final : [45, 122, 139, 117, 106, 54, 172, 81, 21, 133, 92, 143, 160, 1, 155]
centoides final : [45, 122, 139, 117, 153, 54, 172, 81, 21, 133, 92, 56, 134, 1, 155]
centoides final : [23, 122, 139, 117, 153, 54, 172, 81, 21, 52, 92, 143, 134, 1, 155]
centoides final : [23, 122, 139, 117, 178, 54, 172, 71, 21, 52, 92, 143, 134, 1, 36]
centoides final : [45, 122, 139, 117, 153, 54, 172, 81, 21, 133, 92, 56, 134, 1, 36]
centoides final : [45, 122, 139, 117, 42, 54, 172, 81, 21, 133, 100, 143, 134, 1, 155]
centoides final : [45, 122, 139, 117, 17, 54, 172, 81, 21, 133, 92, 143, 160, 1, 155]
centoides final : [45, 122, 139, 117, 106, 54, 172, 81, 21, 133, 100, 143, 134, 1, 155]
centoides final : [45, 122, 139, 117, 153, 54, 172, 71, 21, 52, 92, 143, 78, 1, 155]
centoides final : [45, 122, 139, 117, 153, 54, 172, 81, 21, 133, 92, 56, 134, 1, 36]
centoides final : [45, 122, 139, 117, 153, 54, 172, 71, 21, 133, 100, 143, 78, 1, 36]
centoides final : [45, 122, 139, 117, 153, 54, 172, 81, 21, 133, 100, 143, 134, 1, 36]
centoides final : [45, 122, 139, 117, 178, 54, 172, 81, 21, 133, 92, 143, 134, 1, 36]
centoides final : [45, 122, 139, 138, 153, 54, 172, 81, 21, 133, 92, 143, 134, 1, 155]
centoides final : [45, 122, 139, 117, 137, 116, 172, 81, 21, 133, 100, 143, 134, 1, 36]
centoides final : [45, 122, 139, 117, 153, 54, 172, 81, 21, 133, 92, 56, 134, 1, 36]
centoides final : [23, 122, 139, 117, 106, 54, 172, 81, 21, 52, 92, 143, 134, 1, 155]
centoides final : [45, 122, 139, 138, 153, 54, 172, 81, 21, 133, 100, 143, 134, 1, 36]
centoides final : [111, 122, 139, 138, 153, 54, 172, 81, 21, 133, 92, 56, 134, 1, 36]
centoides final : [45, 122, 139, 117, 178, 94, 172, 81, 21, 133, 100, 143, 134, 1, 36]
centoides final : [45, 122, 139, 138, 62, 54, 172, 81, 21, 133, 92, 56, 134, 1, 155]
centoides final : [45, 122, 139, 138, 153, 54, 172, 71, 21, 133, 100, 143, 134, 1, 36]
centoides final : [23, 122, 139, 117, 17, 54, 172, 81, 21, 133, 100, 56, 134, 1, 155]
centoides final : [23, 122, 139, 138, 153, 54, 172, 81, 21, 133, 92, 56, 134, 1, 155]
centoides final : [23, 122, 139, 117, 106, 54, 172, 81, 21, 52, 93, 143, 134, 1, 155]
centoides final : [45, 122, 139, 117, 17, 94, 172, 81, 21, 133, 92, 143, 134, 1, 155]
centoides final : [162, 122, 139, 117, 17, 54, 172, 71, 21, 133, 92, 56, 134, 1, 36]
centoides final : [23, 122, 139, 138, 42, 94, 172, 71, 21, 52, 100, 143, 134, 1, 155]
centoides final : [45, 122, 139, 138, 42, 54, 172, 81, 21, 133, 100, 56, 134, 1, 155]
centoides final : [45, 122, 139, 117, 17, 54, 172, 81, 21, 133, 100, 143, 134, 1, 155]
centoides final : [23, 122, 139, 117, 153, 54, 172, 71, 21, 52, 100, 143, 134, 1, 155]
centoides final : [23, 122, 139, 117, 153, 54, 172, 81, 21, 133, 92, 56, 134, 1, 155]
centoides final : [45, 122, 139, 117, 153, 54, 172, 81, 21, 52, 100, 143, 160, 1, 155]
centoides final : [23, 122, 139, 117, 153, 54, 172, 81, 21, 52, 92, 143, 134, 1, 155]
centoides final : [45, 122, 139, 117, 178, 54, 172, 81, 21, 133, 100, 143, 134, 1, 155]
centoides final : [162, 122, 139, 138, 17, 54, 172, 81, 21, 133, 92, 56, 134, 1, 155]
centoides final : [179, 122, 139, 117, 106, 54, 172, 71, 21, 133, 100, 56, 78, 1, 36]
centoides final : [45, 122, 139, 117, 42, 54, 172, 81, 21, 52, 92, 56, 134, 1, 155]
centoides final : [45, 122, 139, 138, 153, 54, 172, 81, 21, 133, 92, 56, 134, 1, 36]
centoides final : [45, 122, 139, 117, 153, 54, 172, 81, 21, 133, 92, 143, 134, 1, 36]
centoides final : [45, 122, 139, 117, 153, 54, 172, 81, 21, 133, 100, 56, 134, 1, 155]
centoides final : [45, 122, 139, 117, 153, 54, 172, 71, 21, 133, 92, 56, 134, 1, 36]
centoides final : [45, 122, 139, 117, 153, 54, 172, 81, 21, 133, 92, 56, 134, 1, 155]
centoides final : [45, 122, 139, 138, 17, 54, 172, 81, 21, 133, 92, 143, 134, 1, 36]
centoides final : [45, 122, 139, 138, 17, 54, 172, 81, 21, 133, 92, 56, 134, 1, 155]
centoides final : [45, 122, 139, 117, 153, 54, 172, 81, 21, 133, 100, 143, 134, 1, 36]
centoides final : [45, 122, 139, 117, 178, 54, 172, 81, 21, 133, 92, 56, 134, 1, 36]
centoides final : [45, 122, 139, 117, 178, 54, 172, 81, 21, 133, 100, 143, 134, 1, 36]
centoides final : [45, 122, 139, 117, 17, 54, 172, 81, 21, 133, 100, 56, 134, 1, 155]
centoides final : [23, 122, 139, 117, 153, 54, 172, 71, 21, 133, 92, 143, 134, 1, 108]
centoides final : [45, 122, 139, 117, 153, 54, 172, 81, 21, 133, 92, 143, 134, 1, 155]
centoides final : [23, 122, 139, 138, 137, 54, 172, 71, 21, 52, 92, 143, 134, 1, 155]
centoides final : [45, 122, 139, 138, 169, 54, 172, 76, 21, 133, 93, 56, 134, 1, 155]
centoides final : [45, 122, 139, 138, 153, 54, 172, 81, 21, 52, 92, 143, 160, 1, 36]
centoides final : [111, 122, 139, 117, 153, 54, 172, 81, 21, 133, 92, 56, 134, 1, 36]
centoides final : [45, 122, 139, 138, 137, 54, 172, 81, 21, 52, 92, 143, 134, 1, 155]
centoides final : [162, 122, 139, 117, 137, 54, 172, 76, 21, 133, 93, 56, 134, 1, 155]
centoides final : [45, 122, 139, 117, 153, 54, 172, 71, 21, 133, 92, 56, 134, 1, 155]
centoides final : [45, 122, 139, 117, 153, 54, 172, 81, 21, 133, 92, 143, 134, 1, 36]
centoides final : [45, 122, 139, 138, 17, 54, 172, 81, 21, 52, 92, 143, 78, 1, 155]
centoides final : [23, 122, 139, 117, 106, 54, 172, 81, 21, 133, 100, 143, 134, 1, 155]
centoides final : [45, 122, 139, 117, 153, 54, 172, 81, 21, 133, 92, 56, 134, 1, 155]
centoides final : [45, 122, 139, 117, 178, 54, 181, 81, 21, 133, 100, 143, 134, 1, 155]
centoides final : [45, 122, 139, 117, 153, 54, 172, 81, 21, 133, 93, 143, 134, 1, 155]
centoides final : [45, 177, 139, 117, 106, 54, 172, 71, 21, 133, 92, 56, 160, 1, 155]
centoides final : [23, 122, 139, 117, 17, 54, 172, 81, 21, 133, 92, 56, 134, 1, 155]
centoides final : [45, 122, 139, 117, 153, 54, 172, 81, 21, 133, 93, 143, 134, 1, 36]
centoides final : [23, 122, 139, 117, 17, 54, 172, 81, 21, 133, 92, 143, 134, 1, 155]
centoides final : [45, 122, 139, 138, 137, 54, 172, 81, 21, 52, 92, 56, 134, 1, 155]
centoides final : [45, 122, 139, 117, 106, 54, 172, 81, 21, 133, 92, 143, 134, 1, 155]
centoides final : [45, 122, 139, 117, 153, 54, 172, 81, 21, 133, 92, 143, 134, 1, 155]
centoides final : [111, 122, 139, 117, 153, 54, 172, 81, 21, 133, 92, 143, 134, 1, 36]
centoides final : [45, 122, 139, 138, 153, 54, 172, 81, 21, 52, 100, 143, 160, 1, 36]
centoides final : [45, 122, 139, 117, 153, 54, 172, 81, 21, 133, 92, 143, 134, 1, 36]
centoides final : [45, 122, 139, 117, 153, 54, 172, 81, 21, 133, 100, 56, 134, 1, 155]
centoides final : [45, 13, 139, 117, 137, 54, 172, 76, 21, 52, 150, 140, 134, 1, 36]
centoides final : [45, 122, 139, 138, 17, 54, 172, 81, 21, 133, 92, 56, 134, 1, 155]
centoides final : [179, 122, 139, 117, 106, 54, 172, 71, 21, 133, 92, 56, 134, 1, 36]
centoides final : [45, 122, 139, 117, 153, 54, 172, 81, 21, 133, 92, 143, 134, 1, 36]
centoides final : [45, 122, 139, 138, 153, 54, 172, 81, 21, 133, 92, 56, 134, 1, 36]
centoides final : [45, 122, 139, 117, 153, 54, 172, 81, 21, 133, 92, 143, 134, 1, 36]
centoides final : [45, 122, 139, 138, 42, 54, 172, 81, 21, 52, 92, 56, 134, 1, 155]
centoides final : [45, 122, 139, 117, 17, 54, 172, 81, 21, 133, 100, 143, 134, 1, 155]
centoides final : [45, 122, 139, 117, 17, 54, 172, 81, 21, 52, 92, 56, 134, 1, 155]
centoides final : [45, 122, 139, 117, 178, 54, 172, 81, 21, 133, 100, 143, 134, 1, 36]
centoides final : [45, 122, 139, 117, 153, 54, 172, 81, 21, 133, 100, 56, 134, 1, 36]
centoides final : [111, 122, 139, 117, 178, 54, 172, 81, 21, 133, 92, 56, 134, 1, 36]
centoides final : [45, 122, 139, 138, 153, 54, 172, 81, 21, 133, 100, 56, 134, 1, 36]
centoides final : [45, 122, 139, 138, 17, 54, 172, 81, 21, 133, 92, 56, 134, 1, 155]
centoides final : [45, 122, 139, 117, 42, 54, 172, 81, 21, 133, 92, 143, 134, 1, 155]
centoides final : [45, 122, 139, 138, 17, 54, 172, 81, 21, 133, 100, 143, 134, 1, 155]
centoides final : [23, 122, 139, 117, 17, 54, 172, 81, 21, 133, 92, 56, 134, 1, 155]
centoides final : [162, 122, 139, 117, 153, 54, 172, 81, 21, 133, 100, 56, 134, 1, 36]
centoides final : [45, 122, 139, 138, 106, 54, 172, 71, 21, 133, 100, 143, 134, 1, 36]
centoides final : [45, 122, 139, 117, 153, 54, 172, 81, 21, 133, 92, 143, 134, 1, 155]
centoides final : [45, 122, 139, 138, 42, 72, 172, 81, 21, 133, 92, 143, 134, 1, 155]
centoides final : [45, 122, 139, 117, 153, 54, 172, 81, 21, 52, 100, 143, 134, 1, 36]
centoides final : [45, 122, 139, 117, 42, 54, 172, 81, 21, 133, 100, 143, 134, 1, 155]
centoides final : [45, 122, 139, 117, 153, 54, 172, 71, 21, 133, 92, 56, 134, 1, 36]
centoides final : [45, 122, 139, 117, 178, 54, 172, 81, 21, 133, 100, 143, 134, 1, 36]
centoides final : [45, 122, 139, 117, 153, 54, 172, 81, 21, 133, 100, 143, 134, 1, 36]
centoides final : [145, 122, 139, 138, 42, 54, 172, 81, 21, 133, 92, 143, 134, 1, 36]
centoides final : [145, 122, 139, 138, 17, 54, 172, 71, 21, 133, 92, 56, 134, 1, 36]
centoides final : [45, 122, 139, 117, 153, 94, 172, 81, 21, 133, 92, 56, 134, 1, 155]
centoides final : [111, 122, 139, 117, 153, 54, 172, 71, 21, 133, 92, 56, 134, 1, 36]
centoides final : [45, 122, 139, 117, 106, 54, 172, 71, 21, 133, 100, 143, 134, 1, 155]
centoides final : [45, 122, 139, 117, 153, 54, 172, 81, 21, 133, 100, 143, 134, 1, 36]
centoides final : [45, 177, 139, 117, 17, 54, 172, 81, 21, 133, 92, 56, 160, 1, 155]
centoides final : [45, 122, 139, 138, 153, 54, 172, 81, 21, 133, 100, 56, 134, 1, 36]
centoides final : [23, 122, 139, 117, 17, 94, 172, 81, 21, 133, 92, 56, 134, 1, 155]
centoides final : [45, 122, 139, 117, 153, 54, 172, 81, 21, 133, 100, 143, 134, 1, 155]
centoides final : [23, 122, 139, 117, 17, 54, 172, 81, 21, 52, 92, 143, 134, 1, 155]
centoides final : [23, 122, 139, 117, 17, 54, 172, 81, 21, 133, 100, 143, 134, 1, 155]
centoides final : [45, 122, 139, 117, 153, 54, 172, 81, 21, 133, 92, 143, 134, 1, 36]
centoides final : [45, 122, 139, 138, 153, 54, 172, 81, 21, 133, 92, 56, 134, 1, 36]
centoides final : [45, 122, 139, 117, 178, 94, 172, 81, 21, 133, 100, 143, 134, 1, 36]
centoides final : [45, 177, 139, 117, 17, 54, 172, 81, 21, 133, 92, 56, 160, 1, 36]
centoides final : [45, 122, 139, 138, 17, 54, 172, 81, 21, 133, 92, 143, 134, 1, 155]
centoides final : [23, 122, 139, 117, 153, 54, 172, 81, 21, 52, 92, 56, 134, 1, 155]
centoides final : [45, 122, 139, 138, 153, 54, 172, 81, 21, 133, 92, 56, 134, 1, 155]
centoides final : [23, 122, 139, 117, 153, 54, 172, 81, 21, 133, 93, 56, 134, 1, 155]
centoides final : [45, 122, 139, 117, 153, 94, 172, 81, 21, 133, 100, 143, 134, 1, 36]
centoides final : [23, 122, 139, 117, 153, 54, 172, 81, 21, 133, 100, 56, 134, 1, 36]
centoides final : [45, 122, 139, 117, 42, 54, 172, 71, 21, 133, 92, 143, 134, 1, 155]
centoides final : [45, 122, 139, 117, 153, 54, 172, 81, 21, 133, 93, 56, 134, 1, 36]
centoides final : [45, 122, 139, 117, 137, 54, 172, 81, 21, 52, 93, 143, 134, 1, 36]
centoides final : [45, 122, 139, 117, 153, 54, 172, 71, 21, 133, 100, 56, 134, 1, 155]
centoides final : [45, 122, 139, 117, 153, 54, 172, 81, 21, 133, 92, 56, 134, 1, 36]
centoides final : [45, 122, 139, 138, 153, 54, 172, 81, 21, 133, 92, 56, 134, 1, 155]
centoides final : [45, 122, 139, 138, 17, 54, 172, 81, 21, 133, 92, 143, 78, 1, 155]
centoides final : [23, 122, 139, 138, 153, 72, 172, 81, 21, 52, 92, 143, 134, 1, 155]
centoides final : [45, 122, 139, 117, 153, 54, 172, 71, 21, 133, 100, 143, 134, 1, 155]
centoides final : [45, 122, 139, 117, 153, 54, 172, 81, 21, 133, 92, 143, 134, 1, 36]
centoides final : [23, 122, 139, 117, 178, 54, 172, 71, 21, 133, 100, 143, 134, 1, 36]
centoides final : [45, 122, 139, 138, 137, 54, 172, 71, 21, 52, 92, 143, 134, 1, 155]
centoides final : [45, 122, 139, 117, 153, 54, 109, 76, 21, 52, 100, 56, 134, 1, 155]
centoides final : [45, 122, 139, 117, 178, 94, 172, 81, 21, 133, 100, 143, 134, 1, 36]
centoides final : [23, 122, 139, 117, 153, 54, 172, 81, 21, 52, 100, 143, 134, 1, 155]
centoides final : [45, 122, 139, 117, 153, 54, 172, 81, 21, 133, 92, 56, 134, 1, 155]
centoides final : [45, 122, 139, 117, 17, 54, 172, 81, 21, 133, 100, 143, 134, 1, 155]
centoides final : [23, 122, 139, 117, 42, 54, 172, 81, 21, 133, 100, 143, 134, 1, 155]
centoides final : [45, 122, 139, 117, 153, 54, 172, 81, 21, 133, 92, 143, 134, 1, 155]
centoides final : [45, 122, 139, 117, 153, 54, 172, 81, 21, 133, 92, 143, 134, 1, 36]
centoides final : [45, 122, 139, 138, 42, 54, 172, 71, 21, 133, 100, 143, 134, 1, 155]
centoides final : [45, 122, 139, 117, 178, 54, 172, 81, 21, 133, 93, 143, 134, 1, 36]
centoides final : [45, 122, 139, 138, 153, 54, 172, 81, 21, 133, 93, 143, 134, 1, 36]
centoides final : [45, 122, 139, 117, 153, 72, 172, 81, 21, 133, 92, 143, 134, 1, 155]
centoides final : [45, 122, 139, 117, 106, 54, 172, 71, 21, 52, 92, 143, 134, 1, 155]
centoides final : [45, 122, 139, 117, 153, 72, 172, 81, 21, 52, 92, 143, 134, 1, 155]
centoides final : [23, 122, 139, 117, 153, 54, 172, 81, 21, 133, 92, 56, 134, 1, 155]
centoides final : [23, 122, 139, 117, 153, 54, 172, 81, 21, 133, 92, 143, 134, 1, 155]
centoides final : [23, 122, 139, 138, 153, 54, 172, 81, 21, 133, 92, 56, 134, 1, 155]
centoides final : [45, 122, 139, 117, 153, 54, 172, 81, 21, 133, 100, 143, 134, 1, 36]
centoides final : [45, 122, 139, 117, 153, 54, 172, 81, 21, 133, 100, 143, 134, 1, 36]
centoides final : [45, 122, 139, 117, 153, 54, 172, 81, 21, 133, 100, 56, 134, 1, 36]
centoides final : [23, 122, 139, 117, 153, 54, 172, 81, 21, 52, 92, 143, 134, 1, 155]
centoides final : [45, 122, 139, 117, 153, 54, 172, 81, 21, 133, 92, 143, 134, 1, 36]
centoides final : [45, 122, 139, 138, 137, 54, 172, 81, 21, 52, 92, 56, 134, 1, 155]
centoides final : [45, 122, 139, 117, 137, 54, 172, 104, 21, 52, 150, 56, 134, 1, 155]
centoides final : [45, 122, 139, 138, 17, 54, 172, 71, 21, 52, 92, 143, 134, 1, 155]
centoides final : [45, 122, 139, 117, 17, 54, 172, 71, 21, 133, 100, 56, 134, 1, 155]
centoides final : [45, 122, 139, 117, 153, 54, 172, 81, 21, 133, 100, 143, 134, 1, 36]
centoides final : [45, 122, 139, 117, 153, 54, 172, 71, 21, 133, 100, 143, 134, 1, 155]
centoides final : [23, 122, 139, 117, 153, 54, 172, 81, 21, 133, 100, 143, 134, 1, 155]
centoides final : [45, 122, 139, 117, 153, 54, 172, 71, 21, 133, 100, 143, 134, 1, 36]
centoides final : [45, 122, 139, 117, 153, 54, 172, 81, 21, 133, 100, 56, 160, 1, 155]
centoides final : [45, 122, 139, 117, 153, 54, 172, 81, 21, 133, 92, 143, 134, 1, 155]
centoides final : [23, 122, 139, 138, 153, 54, 172, 81, 21, 52, 92, 143, 134, 1, 155]
centoides final : [45, 122, 139, 138, 137, 54, 172, 71, 21, 52, 92, 143, 134, 1, 155]
centoides final : [45, 122, 139, 138, 153, 54, 172, 81, 21, 133, 100, 56, 134, 1, 36]
centoides final : [45, 122, 139, 117, 153, 54, 172, 81, 21, 133, 92, 56, 134, 1, 36]
centoides final : [23, 122, 139, 117, 178, 94, 172, 81, 21, 133, 92, 143, 134, 1, 36]
centoides final : [45, 122, 139, 117, 178, 54, 172, 81, 21, 133, 100, 143, 134, 1, 36]
centoides final : [23, 122, 139, 138, 153, 54, 172, 81, 21, 52, 100, 143, 134, 1, 155]
centoides final : [45, 122, 139, 117, 153, 54, 172, 71, 21, 133, 92, 56, 134, 1, 36]
centoides final : [45, 122, 139, 117, 42, 54, 172, 81, 21, 52, 93, 143, 134, 1, 155]
centoides final : [45, 122, 139, 138, 17, 54, 172, 81, 21, 133, 92, 56, 134, 1, 155]
centoides final : [45, 122, 139, 138, 153, 54, 172, 81, 21, 133, 92, 143, 160, 1, 36]
centoides final : [45, 122, 139, 117, 106, 54, 172, 81, 21, 52, 93, 140, 134, 1, 155]
centoides final : [45, 122, 139, 138, 153, 54, 172, 81, 21, 133, 100, 143, 134, 1, 36]
centoides final : [45, 122, 139, 117, 153, 54, 172, 81, 21, 133, 92, 143, 134, 1, 36]
centoides final : [45, 122, 139, 117, 178, 54, 172, 81, 21, 133, 100, 56, 134, 1, 36]
centoides final : [45, 122, 139, 117, 153, 54, 172, 81, 21, 133, 100, 143, 134, 1, 36]
centoides final : [45, 122, 139, 117, 178, 54, 172, 81, 21, 133, 100, 143, 134, 1, 36]
centoides final : [23, 122, 139, 117, 42, 54, 172, 81, 21, 52, 92, 143, 134, 1, 155]
centoides final : [45, 122, 139, 117, 106, 54, 172, 81, 21, 133, 92, 56, 134, 1, 155]
centoides final : [45, 122, 139, 117, 17, 72, 172, 81, 21, 133, 92, 143, 134, 1, 155]
centoides final : [162, 122, 139, 138, 137, 54, 172, 81, 21, 52, 150, 56, 134, 1, 36]
centoides final : [23, 122, 139, 138, 17, 54, 172, 81, 21, 52, 92, 143, 134, 1, 155]
centoides final : [45, 122, 139, 117, 17, 54, 172, 81, 21, 133, 92, 143, 134, 1, 155]
centoides final : [45, 122, 139, 138, 153, 54, 172, 81, 21, 133, 92, 143, 134, 1, 36]
centoides final : [45, 122, 139, 138, 17, 54, 172, 71, 21, 52, 100, 143, 78, 1, 155]
centoides final : [23, 122, 139, 117, 153, 94, 172, 81, 21, 133, 92, 56, 134, 1, 155]
centoides final : [45, 122, 139, 117, 153, 54, 172, 71, 21, 133, 100, 143, 134, 1, 155]
centoides final : [45, 122, 139, 138, 153, 54, 172, 81, 21, 133, 92, 143, 134, 1, 155]
centoides final : [45, 122, 139, 117, 153, 54, 172, 81, 21, 133, 100, 143, 134, 1, 36]
centoides final : [45, 122, 139, 117, 153, 54, 172, 81, 21, 133, 92, 143, 134, 1, 36]
centoides final : [45, 177, 139, 117, 153, 54, 172, 71, 21, 133, 92, 56, 134, 1, 155]
centoides final : [23, 122, 139, 117, 17, 54, 172, 81, 21, 52, 92, 56, 134, 1, 155]
centoides final : [23, 122, 139, 117, 17, 54, 172, 81, 21, 133, 92, 56, 134, 1, 155]
centoides final : [23, 122, 139, 138, 153, 54, 172, 81, 21, 52, 100, 56, 134, 1, 155]
centoides final : [45, 122, 139, 117, 17, 54, 172, 81, 21, 133, 100, 143, 134, 1, 155]
centoides final : [45, 122, 139, 117, 153, 54, 172, 81, 21, 133, 100, 143, 134, 1, 155]
centoides final : [45, 122, 139, 138, 17, 54, 172, 81, 21, 133, 100, 56, 134, 1, 155]
centoides final : [45, 122, 139, 117, 178, 54, 172, 81, 21, 133, 92, 143, 134, 1, 36]
centoides final : [45, 122, 139, 117, 178, 54, 172, 81, 21, 133, 92, 143, 134, 1, 36]
centoides final : [23, 122, 139, 117, 106, 54, 172, 81, 21, 52, 92, 143, 134, 1, 155]
centoides final : [23, 122, 139, 117, 153, 54, 172, 81, 21, 52, 92, 56, 134, 1, 155]
centoides final : [45, 122, 139, 117, 153, 54, 172, 81, 21, 133, 100, 56, 134, 1, 155]
centoides final : [45, 122, 139, 117, 106, 54, 172, 71, 21, 133, 92, 56, 134, 1, 155]
centoides final : [45, 122, 139, 117, 17, 54, 172, 81, 21, 133, 100, 143, 134, 1, 155]
centoides final : [23, 122, 139, 117, 178, 54, 172, 81, 21, 133, 100, 143, 134, 1, 36]
centoides final : [45, 122, 139, 117, 153, 54, 172, 81, 21, 52, 100, 143, 160, 1, 36]
centoides final : [45, 122, 139, 117, 153, 54, 172, 71, 21, 133, 92, 56, 134, 1, 36]
centoides final : [45, 122, 139, 117, 153, 54, 172, 81, 21, 133, 100, 143, 134, 1, 155]
centoides final : [45, 122, 139, 138, 17, 54, 172, 81, 21, 133, 92, 143, 134, 1, 36]
centoides final : [23, 122, 139, 117, 153, 54, 172, 71, 21, 52, 92, 143, 134, 1, 155]
centoides final : [162, 122, 139, 138, 137, 54, 172, 81, 21, 52, 92, 56, 134, 1, 155]
centoides final : [45, 122, 139, 138, 106, 54, 172, 81, 21, 133, 100, 56, 134, 1, 155]
centoides final : [45, 122, 139, 117, 178, 54, 172, 81, 21, 133, 93, 143, 134, 1, 36]
centoides final : [45, 122, 139, 138, 153, 54, 172, 81, 21, 133, 92, 143, 134, 1, 36]
centoides final : [23, 122, 139, 117, 17, 94, 172, 81, 21, 52, 100, 143, 134, 1, 155]
centoides final : [45, 122, 139, 138, 17, 54, 172, 81, 21, 133, 100, 143, 134, 1, 155]
centoides final : [45, 122, 139, 117, 153, 54, 172, 81, 21, 133, 92, 56, 134, 1, 36]
centoides final : [23, 122, 139, 117, 17, 54, 172, 71, 21, 133, 92, 143, 134, 1, 155]
centoides final : [45, 122, 139, 117, 106, 54, 172, 104, 21, 133, 100, 143, 160, 1, 155]
centoides final : [45, 122, 139, 138, 106, 54, 172, 71, 21, 133, 100, 143, 134, 1, 36]
centoides final : [45, 122, 139, 117, 42, 54, 172, 81, 21, 133, 100, 143, 134, 1, 155]
centoides final : [45, 122, 139, 117, 153, 54, 172, 71, 21, 133, 92, 143, 134, 1, 155]
centoides final : [45, 122, 139, 138, 42, 54, 172, 81, 21, 52, 100, 143, 134, 1, 155]
centoides final : [45, 122, 139, 117, 178, 54, 172, 81, 21, 133, 92, 56, 134, 1, 36]
centoides final : [23, 122, 139, 117, 178, 94, 172, 81, 21, 133, 92, 143, 134, 1, 36]
centoides final : [23, 122, 139, 117, 153, 54, 172, 81, 21, 52, 92, 56, 134, 1, 155]
centoides final : [23, 122, 139, 117, 106, 54, 172, 71, 21, 52, 100, 143, 134, 1, 155]
centoides final : [45, 122, 139, 138, 153, 54, 172, 81, 21, 133, 92, 143, 134, 1, 36]
centoides final : [45, 122, 139, 138, 153, 54, 172, 71, 21, 133, 93, 143, 78, 1, 36]
centoides final : [45, 122, 139, 117, 17, 54, 172, 81, 21, 133, 92, 56, 78, 1, 155]
centoides final : [45, 122, 139, 117, 153, 54, 172, 81, 21, 133, 100, 56, 134, 1, 36]
centoides final : [45, 122, 139, 138, 42, 54, 172, 71, 21, 52, 92, 143, 134, 1, 155]
centoides final : [111, 122, 139, 138, 17, 54, 172, 71, 21, 52, 92, 143, 134, 1, 155]
centoides final : [45, 122, 139, 138, 153, 54, 172, 81, 21, 133, 100, 56, 160, 1, 36]
centoides final : [45, 122, 139, 138, 42, 54, 172, 81, 21, 52, 92, 143, 78, 1, 155]
centoides final : [45, 122, 139, 117, 178, 54, 172, 81, 21, 133, 92, 143, 134, 1, 36]
centoides final : [45, 122, 139, 117, 153, 54, 172, 81, 21, 133, 92, 56, 134, 1, 155]
centoides final : [111, 122, 139, 138, 153, 54, 172, 81, 21, 133, 92, 143, 134, 1, 36]
centoides final : [23, 122, 139, 117, 17, 54, 172, 71, 21, 52, 100, 56, 134, 1, 155]
centoides final : [45, 122, 139, 117, 106, 54, 172, 71, 21, 52, 100, 143, 134, 1, 155]
centoides final : [45, 122, 139, 117, 153, 54, 172, 81, 21, 133, 92, 143, 134, 1, 36]
centoides final : [45, 122, 139, 117, 42, 54, 172, 81, 21, 52, 100, 143, 134, 1, 155]
centoides final : [23, 122, 139, 117, 153, 54, 172, 81, 21, 52, 92, 56, 134, 1, 155]
centoides final : [45, 122, 139, 117, 153, 54, 172, 71, 21, 52, 100, 143, 134, 1, 155]
centoides final : [23, 122, 139, 117, 17, 54, 172, 81, 21, 133, 100, 143, 134, 1, 155]
centoides final : [45, 177, 139, 117, 153, 54, 172, 81, 21, 133, 92, 56, 134, 1, 155]
centoides final : [23, 122, 139, 117, 42, 54, 172, 81, 21, 52, 100, 143, 134, 1, 155]
centoides final : [45, 122, 139, 138, 17, 54, 172, 81, 21, 133, 92, 143, 134, 1, 36]
centoides final : [23, 122, 139, 117, 153, 54, 172, 81, 21, 133, 100, 56, 134, 1, 155]
centoides final : [23, 122, 139, 138, 137, 54, 172, 71, 21, 52, 92, 56, 134, 1, 155]
centoides final : [45, 122, 139, 117, 106, 54, 172, 81, 21, 133, 92, 143, 134, 1, 155]
centoides final : [162, 122, 139, 138, 42, 54, 172, 71, 21, 133, 100, 56, 134, 1, 36]
centoides final : [45, 122, 139, 117, 153, 54, 172, 81, 21, 52, 100, 56, 134, 1, 155]
centoides final : [45, 122, 139, 117, 153, 54, 172, 81, 21, 133, 100, 143, 134, 1, 36]
centoides final : [23, 122, 139, 117, 178, 54, 172, 81, 21, 133, 93, 143, 134, 1, 36]
centoides final : [45, 122, 139, 117, 153, 54, 172, 81, 21, 133, 92, 56, 134, 1, 155]
centoides final : [45, 122, 139, 117, 17, 54, 172, 81, 21, 133, 92, 56, 134, 1, 155]
centoides final : [45, 122, 139, 117, 153, 54, 172, 81, 21, 133, 92, 143, 134, 1, 155]
centoides final : [23, 122, 139, 117, 17, 94, 172, 81, 21, 52, 92, 143, 134, 1, 155]
centoides final : [23, 122, 139, 117, 17, 54, 172, 71, 21, 133, 92, 143, 134, 1, 155]
centoides final : [45, 122, 139, 138, 42, 54, 172, 81, 21, 133, 100, 56, 134, 1, 155]
centoides final : [45, 122, 139, 117, 153, 72, 172, 81, 21, 133, 92, 143, 134, 1, 155]
centoides final : [45, 122, 139, 138, 153, 54, 172, 81, 21, 133, 92, 143, 134, 1, 36]
centoides final : [45, 122, 139, 117, 153, 54, 172, 81, 21, 133, 92, 143, 134, 1, 36]
centoides final : [45, 122, 139, 117, 153, 72, 172, 81, 21, 133, 100, 143, 134, 1, 36]
centoides final : [23, 122, 139, 117, 153, 54, 172, 81, 21, 133, 100, 56, 160, 1, 155]
centoides final : [45, 122, 139, 138, 153, 54, 172, 71, 21, 133, 92, 56, 134, 1, 36]
centoides final : [23, 122, 139, 138, 153, 54, 172, 71, 21, 133, 92, 143, 134, 1, 155]
centoides final : [45, 122, 139, 138, 106, 54, 172, 81, 21, 133, 100, 143, 134, 1, 36]
centoides final : [23, 122, 139, 138, 106, 54, 172, 71, 21, 52, 92, 143, 134, 1, 155]
centoides final : [45, 122, 139, 117, 178, 54, 172, 81, 21, 133, 92, 143, 134, 1, 36]
centoides final : [45, 122, 139, 138, 137, 54, 172, 76, 21, 133, 150, 56, 134, 1, 155]
centoides final : [45, 122, 139, 117, 42, 54, 172, 81, 21, 133, 92, 143, 134, 1, 155]
centoides final : [23, 122, 139, 117, 153, 54, 172, 81, 21, 52, 92, 143, 134, 1, 155]
centoides final : [23, 122, 139, 117, 17, 54, 172, 81, 21, 133, 100, 143, 134, 1, 155]
centoides final : [111, 122, 139, 138, 153, 54, 172, 81, 21, 133, 100, 56, 160, 1, 36]
centoides final : [162, 177, 139, 117, 178, 54, 172, 71, 21, 133, 92, 56, 134, 1, 36]
centoides final : [45, 122, 139, 117, 178, 54, 172, 81, 21, 133, 92, 143, 134, 1, 36]
centoides final : [45, 122, 139, 117, 178, 54, 172, 81, 21, 133, 92, 143, 134, 1, 36]
centoides final : [45, 122, 139, 117, 178, 54, 172, 81, 21, 133, 92, 143, 134, 1, 36]
centoides final : [111, 122, 139, 117, 137, 54, 172, 81, 21, 52, 92, 56, 134, 1, 155]
centoides final : [45, 122, 139, 117, 106, 54, 172, 81, 21, 133, 100, 56, 134, 1, 155]
centoides final : [45, 122, 139, 117, 137, 54, 172, 71, 21, 52, 150, 56, 134, 1, 36]
centoides final : [23, 122, 139, 117, 17, 54, 172, 71, 21, 52, 100, 143, 134, 1, 155]
centoides final : [45, 122, 139, 117, 153, 54, 172, 71, 21, 133, 92, 56, 134, 1, 36]
centoides final : [45, 122, 139, 138, 153, 54, 172, 71, 21, 133, 100, 143, 78, 1, 36]
centoides final : [45, 122, 139, 117, 17, 54, 172, 81, 21, 133, 92, 143, 134, 1, 155]
centoides final : [45, 122, 139, 138, 153, 54, 172, 81, 21, 133, 92, 143, 134, 1, 36]
centoides final : [45, 122, 139, 117, 153, 54, 172, 81, 21, 52, 100, 56, 134, 1, 155]
centoides final : [45, 122, 139, 117, 153, 54, 172, 81, 21, 133, 92, 56, 134, 1, 155]
centoides final : [45, 122, 139, 138, 17, 94, 172, 81, 21, 133, 92, 143, 134, 1, 155]
centoides final : [23, 122, 139, 138, 42, 54, 172, 81, 21, 52, 92, 143, 134, 1, 155]
centoides final : [45, 122, 139, 117, 106, 54, 172, 71, 21, 133, 100, 143, 134, 1, 155]
centoides final : [45, 122, 139, 117, 153, 54, 172, 81, 21, 133, 100, 143, 134, 1, 36]
centoides final : [45, 122, 139, 138, 153, 54, 172, 81, 21, 133, 100, 56, 134, 1, 155]
centoides final : [45, 122, 139, 117, 153, 54, 172, 81, 21, 133, 100, 56, 78, 1, 155]
centoides final : [45, 122, 139, 117, 153, 54, 172, 81, 21, 133, 100, 143, 134, 1, 36]
centoides final : [45, 122, 139, 117, 178, 54, 172, 71, 21, 133, 100, 143, 134, 1, 36]
centoides final : [45, 122, 139, 117, 153, 54, 172, 71, 21, 133, 92, 56, 134, 1, 155]
centoides final : [45, 122, 139, 117, 17, 54, 172, 81, 21, 133, 100, 56, 134, 1, 155]
centoides final : [23, 122, 139, 138, 137, 54, 172, 81, 21, 133, 92, 56, 134, 1, 155]
centoides final : [111, 122, 139, 117, 153, 54, 172, 81, 21, 133, 92, 56, 134, 1, 36]
centoides final : [45, 122, 139, 117, 153, 54, 172, 81, 21, 133, 100, 56, 134, 1, 155]
centoides final : [162, 122, 139, 117, 137, 54, 172, 81, 21, 133, 150, 56, 134, 1, 36]
centoides final : [45, 122, 139, 117, 178, 54, 172, 81, 21, 133, 92, 56, 134, 1, 36]
centoides final : [45, 122, 139, 117, 17, 54, 172, 81, 21, 133, 100, 143, 134, 1, 155]
centoides final : [23, 122, 139, 117, 153, 54, 172, 71, 21, 133, 100, 143, 134, 1, 36]
centoides final : [45, 122, 139, 117, 106, 54, 172, 81, 21, 133, 100, 143, 160, 1, 155]
centoides final : [23, 122, 139, 117, 153, 54, 172, 71, 21, 52, 92, 56, 134, 1, 155]
centoides final : [45, 122, 139, 138, 17, 54, 172, 71, 21, 133, 100, 143, 134, 1, 155]
centoides final : [45, 122, 139, 117, 178, 54, 172, 81, 21, 133, 92, 143, 134, 1, 36]
centoides final : [45, 122, 139, 117, 153, 54, 172, 81, 21, 133, 92, 143, 134, 1, 36]
centoides final : [23, 122, 139, 117, 153, 54, 172, 81, 21, 52, 100, 143, 134, 1, 155]
centoides final : [45, 122, 139, 117, 17, 54, 172, 81, 21, 133, 92, 143, 134, 1, 155]
centoides final : [45, 122, 139, 117, 137, 54, 172, 81, 21, 52, 100, 143, 134, 1, 36]
centoides final : [45, 122, 139, 138, 153, 54, 172, 81, 21, 133, 92, 143, 134, 1, 36]
centoides final : [45, 122, 139, 117, 178, 54, 172, 81, 21, 133, 92, 143, 134, 1, 36]
centoides final : [45, 122, 139, 117, 153, 54, 172, 81, 21, 133, 100, 143, 134, 1, 155]
centoides final : [45, 122, 139, 117, 153, 54, 172, 81, 21, 52, 92, 143, 134, 1, 36]
numero de avaliações de fitness455544
numro de soluções não dominadas encontrado pela busca local: 8989
centoides inicial: [162, 13, 139, 138, 137, 54, 181, 76, 21, 52, 150, 56, 134, 1, 155]
tempo de execução 31 horas.

