,0,1
0,-7.781811260797806,-39.94109770926003
1,-8.945291950906203,-38.365725670687716
2,-8.180179317456528,-36.36216250056381
3,-7.457431604694868,-37.21276742208227
4,-7.849940676286879,-37.987816599504704
5,-9.177809841923459,-38.15559293250345
6,-7.562348793155279,-35.45144142157193
7,-9.10583,-38.15
8,-9.124100017724025,-36.46133739090108
9,-8.718437773869487,-36.136356940663696
10,-8.071163525502104,-37.498816734332046
11,-8.601344462629749,-39.60974925572544
12,-8.360420680690584,-40.76702347730531
13,-7.816854269617854,-38.90415840736818
14,-7.8205510082761265,-35.59263762454051
15,-8.979166950319875,-38.21944399964461
16,-8.815749006046888,-35.18477675089243
17,-9.184208,-38.267268
18,-9.064011111854624,-40.49053355710319
19,-8.808889,-39.825
20,-7.61720028444006,-37.40442467538
21,-8.955091805894266,-37.32603604727973
22,-8.441441918638382,-37.049934620759984
23,-8.241075689270811,-38.05388348628413
